ordering = 0

   495:     0.000007    0.066978    0.670710   16.725592
   496:     0.000010    0.066977    0.670686   16.725592
   497:     0.000013    0.066977    0.670663   16.725592
   498:     0.000017    0.066976    0.670639   16.725592
   499:     0.000008    0.066975    0.670615   16.725592
   500:     0.000022    0.066974    0.670592   16.725592

oderding = 1

   490:     0.000047    0.100387    0.786504   25.999456
   491:     0.000136    0.100386    0.786588   25.999456
   492:     0.000045    0.100386    0.786685   25.945065
   493:     0.000072    0.100384    0.786798   25.972260
   494:     0.000081    0.100383    0.786931   25.972260
   495:     0.000028    0.100380    0.787090   25.972260
   496:     0.000005    0.100377    0.787279   25.999456
   497:     0.000058    0.100373    0.787504   25.999456
   498:     0.000067    0.100369    0.787766   26.026651
   499:     0.000007    0.100364    0.788064   26.053848
   500:     0.000010    0.100360    0.788387   25.999456


odering = 2
   489:     0.000005    0.100338    0.784482   26.108242
   490:     0.000021    0.100291    0.783952   26.053848
   491:     0.000019    0.100299    0.784429   25.972260
   492:     0.000073    0.100357    0.784848   26.053848
   493:     0.000061    0.100301    0.784394   26.108242
   494:     0.000051    0.100305    0.784159   26.053848
   495:     0.000064    0.100367    0.784001   26.026651
   496:     0.000059    0.100343    0.784412   25.972260
   497:     0.000006    0.100285    0.784581   25.945065
   498:     0.000000    0.100289    0.791538   26.081043
   499:     0.000040    0.100339    0.784403   26.026651
   500:     0.000017    0.100249    0.781783   26.026651


2 hidden layers
	======================== ord = 0===================

   485:     0.000037    0.068334    0.679549   16.616808
   486:     0.000008    0.068332    0.679539   16.589611
   487:     0.000020    0.068330    0.679530   16.616808
   488:     0.000011    0.068328    0.679521   16.616808
   489:     0.000004    0.068326    0.679511   16.616808
   490:     0.000007    0.068324    0.679500   16.644005
   491:     0.000011    0.068322    0.679489   16.671198
   492:     0.000005    0.068320    0.679479   16.644005
   493:     0.000017    0.068318    0.679468   16.644005
   494:     0.000039    0.068316    0.679458   16.644005
   495:     0.000044    0.068314    0.679447   16.644005
   496:     0.000025    0.068312    0.679435   16.671198
   497:     0.000004    0.068310    0.679423   16.671198
   498:     0.000011    0.068309    0.679412   16.671198
   499:     0.000030    0.068307    0.679400   16.698395
   500:     0.000048    0.068305    0.679388   16.698395
	======================== ord = 1===================

   483:     0.000008    0.100307    0.786731   25.999456
   484:     0.000027    0.100304    0.786691   26.053848
   485:     0.000010    0.100302    0.786631   26.081043
   486:     0.000044    0.100299    0.786551   26.162634
   487:     0.000010    0.100297    0.786455   26.135435
   488:     0.000075    0.100294    0.786346   26.135435
   489:     0.000063    0.100292    0.786227   26.108242
   490:     0.000056    0.100289    0.786103   26.108242
   491:     0.000029    0.100286    0.785976   26.135435
   492:     0.000004    0.100284    0.785848   26.135435
   493:     0.000001    0.100281    0.785724   26.108242
   494:     0.000016    0.100279    0.785605   26.135435
   495:     0.000053    0.100276    0.785494   26.135435
   496:     0.000057    0.100274    0.785392   26.135435
   497:     0.000013    0.100272    0.785303   26.135435
   498:     0.000045    0.100270    0.785228   26.135435
   499:     0.000031    0.100268    0.785167   26.108242
   500:     0.000014    0.100266    0.785123   26.081043

	======================== ord = 2===================
   487:     0.000070    0.100338    0.784429   26.081043
   488:     0.000049    0.100302    0.784449   26.053848
   489:     0.000027    0.100364    0.784808   25.945065
   490:     0.000070    0.100292    0.785348   25.945065
   491:     0.000059    0.100294    0.784485   25.945065
   492:     0.000002    0.100271    0.784426   26.026651
   493:     0.000059    0.100410    0.784426   26.081043
   494:     0.000036    0.100280    0.784206   26.026651
   495:     0.000010    0.100303    0.784492   25.945065
   496:     0.000061    0.100307    0.784451   25.972260
   497:     0.000005    0.100313    0.784180   26.026651
   498:     0.000001    0.100296    0.785870   26.053848
   499:     0.000023    0.100275    0.784382   26.026651
   500:     0.000003    0.100324    0.784545   26.053848


3 hidden layers
	======================== ord = 0===================
	======================== ord = 1===================
	======================== ord = 2===================
	======================== ord = 3===================








4 hidden layers
	======================== ord = 0===================
	======================== ord = 1===================
	======================== ord = 2===================
	======================== ord = 3===================
